id,flag,BMP8A,C7,DLX3,F2RL2,IGJ,MMP27,ODZ2,PSORS1C2,SHISA3,STMN2,TGM2
TCGA-D3-A2JK,1,0.726217984957,0.241955081744,0.768756928733,-2.27968979703,-0.685571835873,-0.555336189313,0.663038784106,-0.934896851549,0.300336864034,-1.39814264783,0.414054115612
TCGA-EE-A2GT,1,-0.234493629244,1.49181116019,-0.366190718391,-2.27968979703,0.797405821614,-0.555336189313,-0.101740015061,-0.662690406754,1.60383896197,-0.273847897944,-0.443289587163
TCGA-EE-A2GB,1,1.22508507385,0.0239958033898,-0.708954249073,0.210660727321,0.414403746721,1.45043888254,-0.692342439732,-0.655740635157,-0.592810725174,-0.956692767545,-1.39631977016
TCGA-EE-A3AE,1,-1.90480032178,-0.391745015395,-1.15105272007,-0.988229074241,0.905950117857,-0.555336189313,-1.15548242617,-0.934896851549,-0.477251666963,-1.00563215873,-1.06412077343
TCGA-3N-A9WC,1,-0.208225736779,1.05577561248,-0.647623075995,0.748635171534,1.00070286206,-0.555336189313,0.192852968166,-0.529734599516,0.00978610785362,-1.18349401513,0.74326716289
TCGA-D3-A3CE,1,-0.434177555262,0.0500027130142,-0.212288630449,0.897982819977,1.27166513787,1.44520865656,-0.146758812273,-0.934896851549,0.0952712113539,0.174004192062,0.259883917772
TCGA-EE-A2GK,1,0.756447452664,1.79270360764,-0.518855165546,-0.732701578414,1.10853048086,-0.555336189313,0.199823974263,-0.252563072785,2.50375740106,1.09817948684,0.834357985749
TCGA-ER-A199,1,-0.590038552168,1.53058673802,-0.722131349898,-1.44687397338,1.08767271496,-0.555336189313,-1.15548242617,-0.934896851549,2.20057375235,-0.461221942731,0.694394567663
TCGA-WE-A8ZO,1,-0.362698579884,-0.327091812803,-0.644108383942,0.67028100167,0.517315169558,-0.555336189313,-1.15548242617,0.485291181175,-1.01314215695,-0.318581813331,0.0863909797121
TCGA-EE-A2MF,1,-2.13709653117,0.468575573587,-0.992150723926,-1.02419181032,0.182088799733,-0.555336189313,-1.15548242617,0.0377950418558,0.666337749605,-1.39814264783,-0.517405423153
TCGA-D3-A2JE,1,0.271863596975,0.225859633143,-1.15105272007,-1.44069033935,0.117366740797,-0.555336189313,-0.988059619259,-0.733113906284,0.413654236683,-0.505451612793,-1.47852324265
TCGA-QB-A6FS,1,-1.12099515791,1.05769665826,-0.512608273877,-0.407314396039,-0.143632548894,-0.555336189313,-0.896416252635,0.174826251653,0.457775670323,0.541733232832,1.25698623281
TCGA-EE-A183,1,0.110415553116,1.42107782448,-0.28813225756,-1.29840566941,0.517850608302,-0.555336189313,0.0183464258478,-0.934896851549,1.62443317204,-0.598392857847,0.969303505377
TCGA-EE-A3JH,1,0.144235880111,0.981625229604,0.0745426658518,0.45329426457,1.26731583972,-0.555336189313,-0.0579399444155,-0.934896851549,-0.265406938506,0.727792020954,0.588370754196
TCGA-EE-A2M8,1,-0.0684682219773,0.700273101046,-0.566521118473,1.49799095006,1.02243613442,-0.555336189313,0.0405824517772,-0.549457506883,-0.457390393177,-0.231384654104,0.745477911992
TCGA-D3-A5GN,1,0.911395426454,0.322704147941,-0.347003044838,0.755837888507,0.873363498739,-0.555336189313,-0.359007093428,-0.653044139392,-0.248680451284,-1.13738290214,0.399600844114
TCGA-EE-A2MQ,1,1.70675363387,-0.151822716991,-0.96286291759,0.459227667795,0.120198050625,-0.0530827091394,-0.857068951001,-0.934896851549,-0.834218016039,-0.27890394759,-0.205930718465
TCGA-EE-A2A6,1,-0.133921395289,0.962084557748,-0.611925137915,-0.351625082298,0.91371224146,-0.555336189313,-0.134261879706,-0.584136245905,1.09704058507,-0.859806005172,-0.633588412088
TCGA-FS-A1ZP,1,-0.987274182837,1.03800090465,-0.150768998926,-0.22988215246,0.174945013156,-0.00667088160161,-0.414452487528,-0.934896851549,0.263755307678,0.098625731774,0.229484425547
TCGA-EE-A2MT,1,-0.488501277094,-0.240594764438,0.778457371729,-1.13593616203,0.623756174354,-0.555336189313,-0.69788860949,-0.00441209740976,0.104499973484,-1.39814264783,0.127696467589
TCGA-EE-A3JA,1,-0.00634935743479,-0.0698102126153,-1.15105272007,-0.136628700614,1.19363197687,-0.555336189313,-0.162067875007,-0.934896851549,-1.01314215695,-1.39814264783,-0.207320386476
TCGA-W3-AA1V,1,0.799043236527,-0.769533226756,-0.330760961413,-0.999615773424,-0.193826129605,-0.555336189313,-0.836262957403,-0.934896851549,-0.458237355594,-1.19558697449,1.65735271073
TCGA-EE-A2GU,1,-1.37816546655,-0.327299331206,-0.344575168946,-0.627942566163,0.725269122603,-0.555336189313,-0.831654500479,-0.934896851549,-0.451398815277,-1.25380513472,-0.321608447178
TCGA-D3-A3BZ,1,0.770947829883,1.2033908264,-0.219401059314,0.275312633511,0.904103504968,1.93111782019,0.00395243054874,-0.379213466264,0.827718501595,1.70928000516,1.64546035242
TCGA-DA-A1HW,1,0.176658398211,0.665371005302,-0.246637846548,-0.522441602507,1.10218722376,-0.555336189313,-0.271898424182,0.694197279081,1.27126171253,-0.375517292662,0.935517252047
TCGA-GF-A3OT,1,-0.533135491261,-1.08214131018,-0.172355061169,-0.300140942116,0.156605256094,-0.555336189313,-0.992070792457,-0.934896851549,-0.594840398287,-1.21593309575,2.72101841932
TCGA-D3-A2JB,1,0.28950441267,1.55253289837,-0.215827583564,-1.49487896222,1.62310015194,-0.555336189313,-0.101425510177,-0.736659228123,1.97344370082,-0.773291104756,0.395064109375
TCGA-EE-A29E,1,-0.741700361183,-1.02696331203,-0.863582850059,-2.02453669376,-1.49440358969,-0.555336189313,-1.01238354751,-0.934896851549,-1.01314215695,-1.39814264783,1.32699306639
TCGA-FW-A3R5,1,0.60217098432,0.801813856653,-0.705971195401,0.488162197989,0.218514317279,0.895870934822,-0.160860215155,-0.934896851549,-0.0331051587601,0.271470964121,-0.145778916784
TCGA-W3-AA1O,1,0.870017177294,-0.0953862477528,-0.957154190528,-0.810370661517,-0.853986927213,-0.555336189313,-0.572491878713,-0.725621261329,-0.321249182056,-1.39814264783,-0.142415665603
TCGA-FS-A1ZJ,1,0.261330327973,-0.164218496709,0.183103659268,-1.03166730474,-0.372976627293,-0.555336189313,-0.870680969665,-0.363769377332,0.596707736221,-1.0805792979,0.0993063445415
TCGA-DA-A1IB,1,-0.195526681311,1.44542159864,0.201056448479,0.154062112211,1.82962353765,-0.555336189313,0.942950756676,0.748382200948,2.26979445589,0.658145598281,0.565831194344
TCGA-ER-A1A1,1,0.207780173976,1.78642254106,-0.369859503554,-1.28414344315,1.7083307448,-0.555336189313,0.154885533655,-0.447278075023,2.10154028491,-0.947015719913,0.530999925606
TCGA-EE-A29X,1,0.247643039471,0.971576058911,-0.276751655019,0.346289609353,0.433059810912,-0.555336189313,-0.730992119196,0.271974284156,0.217257615926,-0.525124246231,0.768774654419
TCGA-EB-A5SG,1,0.488085985922,0.345200637465,-0.692562691954,0.139014465934,1.51821223854,-0.555336189313,-0.744896445595,-0.283056973932,-0.577226218271,-1.39814264783,1.4219864663
TCGA-EE-A2GI,1,-0.46865299342,0.0367889817193,-0.977774952739,-1.23792837455,1.138928512,-0.555336189313,-1.00030910146,-0.208775603738,0.421617056602,-0.726362020034,-0.0486199986541
TCGA-GF-A4EO,1,-0.239666848064,1.43340114131,-0.873143119406,-0.647125861687,1.89464339189,-0.555336189313,-0.494179515956,0.147551973073,2.00660941753,-0.928092508283,1.54994430615
TCGA-FS-A1ZW,1,-0.538896509174,0.991016615554,-1.15105272007,-0.80793517696,2.30890031382,-0.555336189313,-1.15548242617,-0.934896851549,0.985045270986,-0.92994750805,-0.176372725229
TCGA-D3-A8GO,1,-0.251413550174,1.22035356349,-0.10206201505,1.65364339938,1.59261456376,-0.555336189313,-0.365650064689,0.604129959099,1.9761459869,0.431673678684,1.10493108088
TCGA-EE-A2MH,1,-0.0786271554296,1.03912807814,0.0631573305398,-1.54411777497,0.848807768509,-0.555336189313,-0.356922327331,-0.297425020747,1.86504253844,-0.304418059209,-0.0815465316059
TCGA-EB-A6L9,1,-0.275882707332,1.73345894474,-0.475346787176,-1.03583982782,0.929279575337,-0.555336189313,0.0994886005473,-0.669010522079,1.96809603749,-0.107359843577,1.21576840943
TCGA-ER-A19E,1,1.34774476634,0.821534995114,-0.239444675341,0.508487473461,0.286117738585,-0.555336189313,0.0692760296117,-0.181964173547,1.20229554834,-0.163322280504,0.93343901755
TCGA-EE-A2MJ,1,-0.692366104264,1.16413324141,-0.931470570148,-1.35688211168,0.714197189488,-0.555336189313,-0.517919218824,-0.934896851549,1.37508084271,-1.01614681609,0.689234598595
TCGA-EE-A29R,1,0.0133717610999,0.0193988003056,0.337550229799,1.02160774557,-0.772197412658,0.595108282001,-0.428035116226,-0.274720173291,-0.297967215285,0.345458154807,-0.467151621018
TCGA-FS-A1Z4,1,-1.00798648544,1.64424644967,-0.513029068367,0.570937126383,1.44400800044,-0.555336189313,-0.5269406177,-0.507749996501,1.98766762915,0.4172718246,0.268490380461
TCGA-GN-A9SD,1,-0.458279559136,1.83131156588,-0.0672060143791,-0.83761717958,1.00882541953,-0.555336189313,0.132095368726,-0.525061416607,1.99984178816,-0.783054119009,0.445117358095
TCGA-EE-A2MS,1,-1.87504287183,-1.13102736967,-0.175623284832,-0.437638434407,1.39672629158,-0.555336189313,1.39339476802,-0.560053076039,-0.82580576524,-1.20139403128,1.2903940802
TCGA-D3-A2J6,1,-0.00721029667806,-1.01444481105,0.541856091777,-1.45285102474,-1.24037671916,-0.555336189313,0.274870717104,-0.934896851549,-1.01314215695,-1.21593309575,-0.56752915812
TCGA-EE-A2MC,1,-0.258823651047,1.13075187007,-0.935952412489,0.56330731741,1.0418071896,-0.555336189313,0.462693434467,-0.702738083085,1.16260625517,-0.122944676338,1.13160836684
TCGA-ER-A19L,1,0.607824885333,1.56836452352,-0.72980884966,2.27882557058,-0.140399565524,-0.555336189313,0.678216757658,-0.48024637114,1.79435046043,1.24943833314,-0.401938051207
TCGA-FR-A69P,1,-1.69901999583,-0.072676619448,-1.15105272007,-0.849039306361,-0.831506062958,1.43443611314,-0.671975181117,-0.934896851549,-0.394185631985,-0.374219636813,0.374539511237
TCGA-D3-A1Q9,1,-0.499247840671,0.39565912962,-0.713295040304,-0.466494955779,0.846609264322,-0.555336189313,-1.15548242617,-0.73913636874,0.0659052513739,-0.637677637933,1.04376409953
TCGA-WE-AA9Y,1,-0.300599870569,1.70024690278,-0.167103483641,-0.760422223811,0.808745022664,-0.555336189313,0.505046930809,-0.643981391315,1.92461533741,3.18459693515,1.23215928625
TCGA-EE-A2MP,1,-0.0852647708329,0.244482169177,0.817680255826,-0.776599405459,-0.846731837567,-0.555336189313,-0.781438787517,-0.604190818694,-0.207939063055,-0.502536962675,0.474371925787
TCGA-D3-A8GC,1,-0.321007507421,0.520024061824,-0.0729567258727,-1.76667897639,0.6510179076,-0.555336189313,-0.558606661287,-0.131651564766,0.219056390821,-0.523498914402,-0.128697811849
TCGA-EB-A44Q,1,-1.97302403213,0.674781502656,-0.935225934088,-1.28209771352,0.655422937615,-0.555336189313,-0.148971036311,-0.274536054693,1.36298536551,-1.39814264783,-0.311231977413
TCGA-D3-A2JN,1,0.57494719159,1.006585143,-1.15105272007,0.53323394221,1.47575670316,-0.555336189313,-0.142504738936,-0.428039637499,1.80562905796,1.04008022794,0.920278014207
TCGA-WE-A8ZQ,1,-0.0741150689838,-0.250350208953,-0.410161924841,1.46143937721,-1.88891140507,-0.555336189313,-1.15548242617,1.04124545259,-0.79231113569,-0.0385610786516,2.41487897469
TCGA-ER-A19F,1,-1.0227562532,-0.919703388576,-1.15105272007,-1.25679397702,-0.31646827443,-0.555336189313,-0.966488700244,-0.399603111755,-1.01314215695,-1.18740818931,-0.659926210366
TCGA-EE-A2MD,1,-0.0276901263706,0.939231605539,-1.15105272007,-1.03440809534,0.891299455042,-0.555336189313,-0.57044364469,-0.934896851549,-0.223546512572,-0.317127921059,0.551355072453
TCGA-WE-AAA0,1,0.724595650799,0.68400452307,-0.510694831764,-0.646333327831,-0.0586619398993,-0.555336189313,-0.855112136448,-0.243755586351,1.06242903551,-0.354671511852,-0.746902151554
TCGA-D3-A3C3,1,-2.54850912056,0.637186344091,-0.692469696398,-0.68426351924,0.120286977319,-0.555336189313,-0.851854462614,-0.568955401389,1.04271779885,-0.547157419702,-0.330909030384
TCGA-3N-A9WD,1,-0.569802508601,1.08238971471,-0.294704238872,-0.0228923739763,1.53927144744,0.945648618874,0.0369784207409,0.205586682539,1.51942174242,0.57544219873,-0.279997558714
TCGA-DA-A3F5,1,-0.348326110111,-0.836485397361,-0.652786118147,-0.890340634657,-1.29573989862,-0.555336189313,-0.533169200606,-0.28281737103,-1.01314215695,-0.286154648123,-0.149682798416
TCGA-WE-AAA3,1,-0.0036452592728,0.499531989312,0.0867410078432,-1.26094581504,-0.308925127956,-0.555336189313,-0.78327687194,-0.934896851549,-0.487889666946,-0.555603831148,0.501332359214
TCGA-ER-A42K,1,-0.468349982376,0.761664370438,-0.779309363356,2.32007700562,-0.0413971798666,-0.555336189313,-1.15548242617,-0.533672507194,0.847644626249,-0.130401798737,2.84159254861
TCGA-D3-A2JD,1,0.320589726581,0.977838123435,-0.950798265448,-0.790610276268,0.227795039401,-0.555336189313,0.0822338309461,-0.934896851549,1.21745577665,-0.135567764852,0.919128071961
TCGA-D3-A8GI,1,1.59111421601,-0.327167767534,-0.744942147689,-0.348950149475,-1.28374093429,-0.555336189313,0.202265987584,-0.496579810514,-1.01314215695,-0.992627869287,0.430792014209
TCGA-EE-A2A1,1,-0.305528506376,1.70066900058,0.253455572633,-0.108691823753,1.05674851301,0.218579254926,-0.133805304737,-0.6219210898,1.66164872175,0.736154375474,0.853186629739
TCGA-D3-A1Q8,1,1.73788090603,1.42708202859,0.734664619598,1.84745733722,1.06514129328,-0.555336189313,1.06206657084,0.180994568074,1.52173345895,-0.0150486528712,1.87368222962
TCGA-DA-A1HV,1,-0.261084206825,0.853556419387,-0.389085307797,-0.42956452378,1.18880804064,-0.555336189313,-0.0844592643438,0.127860793473,1.12632237385,-0.0116836163664,1.31058257496
TCGA-EE-A3JD,1,0.35187880296,1.53300964622,-1.15105272007,-1.18288650905,1.35565751613,-0.555336189313,0.0091190887043,-0.934896851549,2.19707494877,-0.164235125006,0.825895645937
TCGA-GN-A8LL,1,-1.20259672281,-0.457365548674,-0.785987349473,-1.05427243635,-0.188615241976,-0.555336189313,-0.252628648435,-0.109682109721,-0.286206834631,-1.39814264783,-0.149643496077
TCGA-D9-A3Z1,1,0.256593818962,-1.38835421884,0.390639428389,-0.689877112355,1.35469396028,-0.555336189313,-1.15548242617,-0.638243320177,-0.751818746797,-1.39814264783,0.1723126113
TCGA-EE-A2A2,1,0.597269016469,0.936825041137,-0.673987756573,-1.52689037707,0.988241725588,-0.555336189313,-0.594817152344,-0.419998404174,0.657089675155,-0.772981720876,-0.564941027128
TCGA-D3-A2J8,1,-0.883887432593,1.0717418525,-0.752152028291,-0.535037877131,0.977761292601,-0.555336189313,-0.58028054715,-0.759707629601,1.11849488806,-0.366601833318,2.95929237914
TCGA-EE-A2M7,1,-0.346808661061,1.76583306206,-0.582462813709,2.72003636342,0.652743162408,-0.555336189313,0.13749195907,-0.0692248410161,1.69452779485,-1.39814264783,0.231132581115
TCGA-D3-A51R,1,-0.220377377088,-0.550330210441,0.910261671924,1.86900890233,-1.09277011573,-0.555336189313,0.40331276774,-0.934896851549,0.969075777684,1.42264927971,-2.03849581913
TCGA-EE-A3AD,1,-1.39435995569,-0.379799638763,-0.482974609869,-0.70726333373,-1.4772538785,-0.555336189313,0.0382526203143,0.936527824423,-0.259274154659,-1.22686544494,-0.607106379707
TCGA-ER-A19G,1,-0.473553070953,0.0752631491408,-0.953314353681,-0.896319710791,0.582764126707,-0.555336189313,0.793461327701,-0.721476907453,0.149745959285,-1.05028294345,0.220760065568
TCGA-W3-AA1R,1,-1.8463145713,-0.532310067682,-0.957060259988,-1.86893046103,0.190257161871,-0.555336189313,-1.15548242617,-0.725519881657,-0.687555865271,-1.20443478884,-1.22198088637
TCGA-EE-A29C,1,0.0279324230199,0.992542985257,-0.142690856429,0.157424017394,0.109052690503,-0.555336189313,-0.39936530899,-0.934896851549,-0.562147776018,0.628830853827,0.802739728727
TCGA-FS-A1ZD,1,2.3276587254,0.331019880867,0.679513693205,0.0720943267551,-0.860904945795,-0.555336189313,0.130135478161,-0.733165157387,0.147461562428,0.278376329996,0.535031694288
TCGA-D3-A1QB,1,-2.16544165602,0.26580226046,-0.553281269031,-0.446941382814,1.06368844887,-0.555336189313,-0.694219044006,-0.0169527892875,-0.112692023814,-0.801248171123,1.19721364504
TCGA-D3-A8GB,1,-0.0627986163541,0.767633938675,-0.671763531616,-0.633509676131,1.01847999143,0.723822722265,-0.592474752536,-0.125801706735,0.267959173052,-0.0526757471794,0.825442806291
TCGA-FR-A7UA,1,0.103712125995,0.538308615503,-1.15105272007,0.230343686034,1.78133791827,-0.555336189313,-0.339352927624,-0.43780829428,0.238068818083,-1.39814264783,1.55393250426
TCGA-D3-A2J7,1,1.58475262396,0.118350890567,0.142529396813,0.427505425749,0.832534596807,-0.555336189313,-0.754781519266,-0.934896851549,-0.246457450866,-0.106458310295,0.677476976231
TCGA-FS-A4F8,1,0.188052889581,2.01347540271,-0.626456745071,-0.254713311462,1.43001459222,-0.555336189313,0.130057660636,-0.690828604305,2.62370103112,0.824867739017,0.629007507487
TCGA-DA-A95X,1,0.37836799588,-0.526075439542,-1.15105272007,-1.00683065833,0.0466865443457,-0.555336189313,-0.86843558511,-0.116377103297,-0.708386760796,-1.39814264783,0.116692576587
TCGA-D3-A51N,1,0.573589095555,0.924686919842,0.413791842872,0.0909776227392,-0.000733023894679,-0.555336189313,-1.15548242617,0.299192181081,1.21924211353,0.342257445111,-0.0308157743385
TCGA-QB-AA9O,1,-0.313960681647,-1.20025392068,-0.778315451238,-0.655183150152,0.940897243124,-0.555336189313,-0.821689567799,-0.280478977502,-1.01314215695,-0.622436997091,0.332344301761
TCGA-ER-A2NH,1,0.468538566923,0.933718231577,-0.689624406431,1.00325201243,0.895474273375,-0.555336189313,0.26971592547,0.271855522964,1.29376680823,0.993974927086,1.72575019752
TCGA-FW-A5DY,1,-0.431983342257,1.50182901952,-0.390106347117,-1.40674005726,1.3308395753,-0.555336189313,-0.221234217039,0.354585553006,2.37147913886,0.755296560001,-0.18980948309
TCGA-EE-A181,1,-1.3516666976,0.538400430376,-0.607786911271,-1.05400086526,1.11595922934,-0.0620867390451,-0.757301071673,0.302437512249,0.575840201075,-0.770417257761,-0.465145442034
TCGA-D3-A3CF,1,0.865861296758,1.3383995648,-0.489341584191,-0.11487342665,1.18549195608,-0.555336189313,-0.78547849789,-0.0866301431942,1.67044427303,-0.0756758647087,0.231548141167
TCGA-D3-A3MU,1,1.93329424519,-0.103823005379,-0.376505729,0.570907576066,0.0892562754135,0.435659137707,-0.965343417588,-0.705735664557,-0.660107295998,-0.704071330872,0.112338522893
TCGA-FW-A3TV,1,-0.399989876674,0.786782180886,-0.771015332243,-0.151441516057,0.278953419935,-0.555336189313,-0.328334717386,-0.769471957007,1.31428413695,-0.269747685674,0.682263469402
TCGA-EB-A5SH,1,0.325170431897,1.11545030534,0.105430922018,-0.934433438535,-0.533889345522,-0.555336189313,0.00923008492209,0.667304031524,0.78777619283,-0.947266030781,-0.966790801138
TCGA-D3-A5GL,1,0.0594025735788,-0.0709855581324,-0.771752121586,-1.65209909215,-2.18291737458,-0.555336189313,-0.700373846144,-0.270707065857,-1.01314215695,-1.019398511,-0.0184244590866
TCGA-EE-A29P,1,-0.275204135251,0.406618705717,-0.904573317581,-0.36039334529,0.871279165002,-0.555336189313,-1.15548242617,-0.477555581831,-0.778798346809,-0.238038699195,1.00017477239
TCGA-EE-A29T,1,0.0935902502039,0.616771483401,-1.15105272007,2.59100154641,1.51827495609,-0.555336189313,-0.869608991195,-0.934896851549,0.74521089857,-0.709668094461,1.47491216225
TCGA-D3-A1Q5,1,-0.470037572738,1.14030556344,2.89377445351,1.82438045457,-0.0814249274222,0.212531770897,1.2446006774,0.312519308494,1.09305764382,1.23905734313,0.267971033076
TCGA-EE-A2GJ,1,-1.56943778936,0.645170557233,-0.820431974971,1.49057648355,-0.263061981124,-0.555336189313,-1.15548242617,-0.934896851549,0.392311588971,-1.21188736868,0.112025507956
TCGA-WE-A8ZX,1,-0.115080737071,1.10515218591,-1.15105272007,-0.204724599127,1.265885409,-0.555336189313,-0.915001951694,-0.285190456425,-0.151941215136,-1.12999870641,0.514493174582
TCGA-EE-A2MM,1,1.72633042128,0.255686140738,1.57893623603,-0.99728375519,0.162398963265,-0.555336189313,-0.88825522236,-0.158999001922,-0.052702438564,-1.39814264783,-0.73118010749
TCGA-EE-A2ME,1,-0.225106732868,1.91368204795,-1.15105272007,-0.943286874465,1.26460690586,-0.555336189313,-0.740361595735,-0.640210383861,2.14120933223,1.26395096324,1.35011960245
TCGA-EE-A2MK,1,-1.87379900441,0.162962910408,-0.778847711245,-0.287232555991,0.706483379418,-0.555336189313,-1.15548242617,-0.53317424391,-0.810709338464,-1.1855391242,0.619531992466
TCGA-D3-A8GD,1,0.398281581912,0.790630855211,-0.912405667655,-0.174277302719,1.30486239869,-0.555336189313,-0.941769743194,0.242593732096,1.42424957305,-0.561428526688,0.409793342405
TCGA-WE-A8ZT,1,0.0237466769657,0.585203173493,-0.946303441332,-0.70662660704,-0.377770852062,-0.555336189313,-1.15548242617,-0.934896851549,0.491225152575,-1.19369375122,-1.78634813756
TCGA-EE-A2M5,1,-1.82258647534,-0.828904830569,-0.363947735001,-0.835997218986,0.286517570939,-0.555336189313,1.75263109049,-0.729229961605,0.188699938088,-1.20786721813,0.422362403352
TCGA-DA-A1HY,1,1.850286347,0.699187783159,-0.454253481222,0.482955323961,-0.147977209621,-0.555336189313,0.125018887315,-0.657758489788,-0.769009746172,-0.818034149987,-0.0530404843466
TCGA-W3-A824,1,-1.95627920171,-0.914314230019,-0.457074427981,-0.011779923335,-0.121575140784,-0.555336189313,-1.15548242617,-0.0803759937184,-0.770346331886,-1.1431481844,-1.04362206334
TCGA-DA-A1I2,1,-0.943870271197,0.557618249584,-1.01725147274,3.09778908807,0.137978337118,-0.555336189313,-0.936734294365,0.0998986423918,0.598642620404,-0.440787979234,-0.416543735446
TCGA-GN-A26D,1,0.340877829892,0.62081615444,-0.652233007143,-0.834807220182,-0.238010646292,-0.113069546924,-0.708780495042,-0.0983545455612,0.29854233622,-0.900054739815,-1.46250233068
TCGA-YG-AA3O,1,-1.92574405342,0.621951948963,-0.520888016323,-1.01014682572,-0.0359742556234,-0.555336189313,-0.59115871803,-0.347055403976,0.301836303374,-0.69363220609,-0.166898206369
TCGA-FS-A1ZG,1,-0.033453990323,0.563718645127,0.496928853722,-1.49516106119,-0.822550184508,-0.555336189313,0.231734996817,0.503489035885,0.211660826761,-0.434217770322,-1.54920766107
TCGA-D9-A148,1,-0.498441652042,-0.106607348405,-0.453741921603,-0.531774495231,-0.0608137541361,-0.555336189313,-0.531028195113,-0.934896851549,-0.86173365406,-1.39814264783,1.09962227736
TCGA-ER-A19Q,1,0.545244929607,-0.133693500294,0.615975977515,-0.0158817402383,-0.506987720586,-0.555336189313,-0.618074325367,-0.479537246791,-0.848165261238,0.00911552091222,1.65675201844
TCGA-FS-A1Z7,1,1.12951357494,1.3544176379,-0.0307176465544,1.3466970018,-0.183521922902,-0.0535887124749,0.244586989666,-0.448157780208,0.786788703514,1.17261768926,1.02480239874
TCGA-D3-A51F,1,0.11457637888,0.970647965427,-0.21819295219,1.21258272534,1.18056872471,-0.555336189313,-0.95718875308,0.295541420669,0.695259633452,1.15565379911,1.99109175888
TCGA-EE-A17X,1,-0.218280172345,0.328773629533,-1.15105272007,-1.86340935816,-0.728819452621,-0.555336189313,-0.735480092528,-0.934896851549,-0.134823910226,-1.05116672112,-0.184074765123
TCGA-EE-A20F,1,-1.52921225496,0.793676970617,-0.353031680207,-0.379725667309,1.0444559424,-0.555336189313,-0.618674756727,-0.601054145232,1.10193897652,-0.660767319543,0.391814484564
TCGA-D3-A5GU,1,-0.852326395249,0.373911285137,-0.177746990383,-0.166037240689,-0.0154418480508,-0.555336189313,-0.482144606244,-0.346471142676,-0.494795342893,-1.39814264783,-0.170797316482
TCGA-D3-A5GR,1,0.413851152474,1.29491248613,-0.375807812152,2.97191910518,1.15131683074,-0.555336189313,-0.61375654475,-0.183943762292,2.02247845904,0.246832812041,0.673678824038
TCGA-EE-A29M,1,-2.04137988437,0.780271413997,-0.96466635156,-1.36095091119,0.408655958561,-0.555336189313,-0.268035340661,1.50221632853,1.05789030699,-0.364558198211,-0.123269403474
TCGA-EE-A3AF,1,0.0938567564948,-0.315863153907,-1.15105272007,-1.16671763223,-0.576967134689,-0.555336189313,-0.623680641754,0.340274356574,-0.815845463963,-1.39814264783,0.385529436729
TCGA-FS-A4F9,1,-2.0327687386,0.187320110825,-0.39016419078,-1.95770726014,-0.236686276139,-0.555336189313,-0.970226832963,-0.711621301976,0.0706856069227,-1.03591117127,-0.527538096977
TCGA-ER-A19N,1,-0.409615566932,0.558681894738,-0.610206687754,-0.174106902673,1.43592144446,-0.0648864277743,0.0778225558988,-0.178182014102,1.23248018943,0.487393677186,1.42339398948
TCGA-GN-A265,1,1.11157234371,0.813384993706,-0.584997513684,-0.576922875277,1.94218956425,-0.0350913407068,-0.501397468885,-0.563688293851,0.108093529421,1.31418371098,1.2692458564
TCGA-EE-A2MG,1,0.795726934175,1.90557778908,-0.382364338007,1.98435643825,0.995060731966,-0.0645043803764,0.214326791124,-0.350777097949,2.36798127084,0.865453462087,1.30128797892
TCGA-FS-A4FD,1,0.54431521841,-0.396115222761,0.47726820052,-0.474401275531,0.060748817079,-0.555336189313,-0.0670943623135,-0.698631545244,-0.805015001818,-0.688820036194,-0.330169453449
TCGA-FS-A1ZH,1,0.362610424584,1.38685161973,0.453155993333,1.71102788158,1.07900962616,-0.555336189313,0.781524527426,-0.934896851549,1.67028082789,2.15121218066,0.993494427401
TCGA-EE-A2ML,1,-0.247724219647,1.10574535375,-0.625005300232,0.089999516221,0.507553990994,-0.555336189313,-0.872622569291,-0.743544993887,1.66844823286,-1.22111095862,0.11835001996
TCGA-D3-A1Q3,1,-0.852731771081,1.39499056298,-1.02457135911,-0.634909293153,0.565323734274,-0.555336189313,-0.492732550118,0.0668725492691,1.59593036451,0.169377378427,-0.0502325196284
TCGA-WE-A8K6,1,-0.243178794196,0.0990807486586,0.645144342453,-0.498527905342,-0.556190971085,-0.555336189313,-1.15548242617,0.100096905169,0.309959619886,-0.00856509823665,-0.28488445547
TCGA-EE-A2MN,1,-0.854495526498,0.50978654253,-1.15105272007,0.273837303142,0.732743515691,-0.555336189313,-1.15548242617,-0.57462934775,0.658542594573,-1.39814264783,0.153050739445
TCGA-GN-A4U7,1,-0.104704119322,0.217573903024,-0.705559743069,-1.17358489143,-0.888292755208,0.141055219265,-0.756535536196,-0.17392057551,0.653629296922,-0.510501942739,0.53128240582
TCGA-D3-A1Q1,1,-3.05204391383,-0.535304516384,-0.00845636882457,-1.86721123717,-1.67706905879,-0.555336189313,-0.0992735648447,-0.934896851549,-0.827764139977,-0.600185366783,0.537867427848
TCGA-EB-A44R,1,-0.0704110630217,-0.25572029119,0.768853793371,0.795272899535,0.707915695748,-0.555336189313,-0.158214315722,-0.184866447405,-0.044026807198,0.671791419449,-0.440390682354
TCGA-EE-A29H,1,0.2657022771,0.830853119756,-0.608737412166,-0.591853036067,0.67052797126,-0.555336189313,0.180231072229,-0.495345781151,1.57420578372,-0.266703198229,0.0937201472287
TCGA-XV-AB01,1,-0.992777856142,0.960478841779,-1.15105272007,-0.541232757983,0.239694104589,-0.555336189313,0.262600371592,-0.025503212125,1.14708155658,-0.08483336194,1.29076861186
TCGA-EE-A29N,1,-0.565717701948,1.23368277125,-1.15105272007,0.712067543779,0.517905271448,-0.555336189313,-0.325080977756,-0.63445917872,0.603115266796,-1.01653055927,0.916655464523
TCGA-GN-A268,1,-2.44410238429,0.339333265556,-0.548639871389,-1.67976927763,-0.800971435777,-0.555336189313,-0.550198116311,-0.934896851549,0.0434012548523,-0.79661358275,-1.28347865047
TCGA-Z2-AA3S,1,-1.22021444457,0.139984652869,0.210939185,-1.51329610034,0.125614254027,-0.555336189313,-1.15548242617,-0.760933953156,-0.473043290193,-1.39814264783,-1.23740463564
TCGA-GN-A4U9,1,-0.785098067956,-0.387713458877,1.19041997365,1.41182536054,0.130740289861,-0.555336189313,0.169545425162,-0.0714915329672,3.2840387121,2.69717365748,-0.697237337896
TCGA-FS-A1ZS,1,-1.19162167264,0.156539940883,-0.144746709561,-0.247818728831,-0.485449813318,-0.555336189313,-0.50968121785,-0.332567207382,-0.150788769429,1.13764738644,1.20520709708
TCGA-Z2-AA3V,1,0.14675046072,0.814190991578,0.0141167536409,-0.784794723884,-0.418304827216,-0.555336189313,-0.246397603199,0.510809907323,0.390358997479,-1.0781909552,2.00142896632
TCGA-EE-A29D,1,-0.96663868036,0.886300696774,2.0190177199,0.125678075106,-0.748937271211,-0.555336189313,-0.185835917296,-0.152846655257,-0.479730583648,0.120463313317,-0.216524988375
TCGA-EE-A185,1,0.638139131751,-0.679943542378,-0.219932172606,-2.27968979703,-1.03523742667,-0.555336189313,0.179649660843,0.0700659122099,-0.306991741864,-0.92482145927,-0.409891656428
TCGA-FR-A8YE,1,0.995223848394,1.70655784185,-0.448669936741,-0.327847809023,0.750044732752,-0.555336189313,0.361090766519,-0.0906032997486,2.28081098635,0.682529072934,1.20884916328
TCGA-D3-A3C7,1,2.28618697035,0.722743738344,-0.629847005228,-0.896324601624,0.559085479416,-0.555336189313,-1.15548242617,0.201349046661,0.774735635828,-0.459097908946,0.639267692757
TCGA-WE-A8JZ,1,-0.32244585588,-0.0526751676609,-0.630831033726,0.268252502984,-0.564436318717,1.1231371365,-0.689614646926,-0.693339137184,-0.643176774001,0.569145208881,-0.739682368708
TCGA-D3-A2J9,1,0.237923370577,1.58428404545,-0.83900300898,0.154277154358,1.9992787335,-0.555336189313,-0.954857181442,-0.514614875088,2.14639854258,-0.769777754626,1.83331883767
TCGA-D3-A5GS,1,-0.361460255097,0.340392578213,-0.893342330302,-0.0368442015925,-0.613129324218,-0.555336189313,-0.365935683658,-0.459318976538,0.437395276043,0.684314015151,0.513545168941
TCGA-ER-A195,1,2.42073289148,0.98292666642,1.57127994295,0.0383769382649,0.641006266252,-0.0486615939638,0.178880849491,-0.160757425815,-0.693740951348,-0.0016798960947,1.35267825953
TCGA-D3-A3CB,1,-0.956987932448,1.69313607069,-0.365912233263,-1.08394099679,1.73366420376,-0.555336189313,-0.524049523284,0.231448689877,1.97181695893,0.380546344493,0.536257168431
TCGA-GN-A267,1,-0.73593813928,-0.445306268884,-0.637477754465,0.237727840119,0.475764258297,0.815326888099,-0.695566903649,-0.0777637557987,-0.721036339428,-1.39814264783,-0.728521950434
TCGA-DA-A3F3,1,-0.568102374521,-1.74847315565,-0.860952492776,0.135255555196,-0.0428578167311,-0.124507179261,-0.473178763707,-0.6217903188,-0.288745671053,-1.2369517697,-1.34853379614
TCGA-D3-A8GM,1,-0.738624134753,0.80771070561,-0.821721681054,-0.951579650963,0.347933032602,-0.555336189313,-0.755686144685,-0.172536175906,1.03491663219,-0.366677184622,0.0142654356423
TCGA-D3-A51T,1,-0.951334319389,0.185241375255,-1.15105272007,-0.828530001071,0.654158206191,-0.555336189313,-0.632046750509,-0.655603269636,0.121505730002,-0.698459906813,-0.399230711098
TCGA-D3-A2JL,1,-0.801439465576,0.30956292991,-1.15105272007,-0.307363502536,0.491194369087,-0.555336189313,-0.531772812053,-0.934896851549,-0.659262931987,-1.39814264783,-0.545463218028
TCGA-ER-A19P,1,-0.163982912047,1.5859029973,-0.502476713097,0.403714151534,1.68187653849,-0.555336189313,-0.250128054985,-0.0784752003309,1.64993721741,1.27714056937,1.10011413742
TCGA-W3-AA21,1,-2.20392335107,-0.996939537532,-1.15105272007,-0.902713797258,-0.251645421719,-0.555336189313,-1.15548242617,0.561534966767,-0.0826313879,-1.13129312607,-1.41716743289
TCGA-D3-A2JC,1,-0.998959568022,0.0159400217771,-0.774108544929,0.134966098431,0.712099477417,-0.555336189313,0.0491596393568,-0.0892361904743,0.526147906711,-0.786884942379,0.998097020763
TCGA-D3-A2JG,1,-2.05938141694,0.839931665094,-0.109848955912,-0.797606418986,0.50644540184,-0.555336189313,-0.420597771458,-0.71580642293,-0.119020225499,-0.0653802975391,0.000247882585903
TCGA-EE-A2A0,1,-0.219942441384,1.31850977583,-0.185068532497,0.204635772094,1.37435577465,-0.555336189313,-0.290426393206,0.0119028705579,-0.277197266261,1.5113643464,0.680435367148
TCGA-D3-A3C1,1,1.82500137336,0.879461098757,-1.15105272007,-0.843323884176,0.315369950718,-0.555336189313,-0.818206266383,-0.176082175722,1.07858692747,1.28450109422,0.448156565512
TCGA-WE-A8ZR,1,0.217757902913,0.763440120425,-0.68329915766,-0.48868627516,0.65598745804,-0.555336189313,-0.0948784192278,-0.142156571316,0.847428844521,-1.05219934984,0.924448603228
TCGA-EB-A5KH,1,-0.248021093016,1.01528807789,-0.641384903653,-0.326771842491,-0.820635648206,-0.555336189313,-0.882784413691,-0.217579014358,0.493276077165,-0.268885574367,-0.753710884736
TCGA-EE-A3AH,1,0.570353741762,0.91674383447,-0.980643756562,1.13351401097,-0.249419627559,-0.555336189313,-0.113463628952,0.385693419093,1.24274183686,-1.2279836867,0.416476350631
TCGA-D3-A1QA,1,-0.942378805799,0.369906179786,-1.02247383391,-1.038927184,0.475698667039,-0.555336189313,-0.953896756494,-0.305984857797,0.00487884893104,-0.428336499031,-0.849654872999
TCGA-FR-A7U9,1,0.909112794496,-0.296113300761,1.82409904676,-0.710496495051,0.965277359142,-0.555336189313,-0.768417119127,-0.662782929862,-0.773435797695,-1.1463928723,1.13603863666
TCGA-ER-A19C,1,0.752355345212,0.0308748689824,-0.351360397805,-0.596371817109,-0.941646858876,-0.555336189313,-0.648054305614,-0.323329392107,0.173383612613,-0.337215457684,0.00407321803618
TCGA-ER-A193,1,1.17806111727,0.737334227669,-0.417768095112,0.10060886984,-0.348580127541,1.0322395866,0.0996843629924,-0.381852300746,0.497592007112,-0.804165159218,0.360491033436
TCGA-D3-A1Q7,1,-0.480570087804,0.157522795248,-0.0505870333178,0.323133490045,1.52268766834,0.506730777137,-1.0105670615,-0.76024054494,-0.28755712018,-0.909214856718,1.03591748093
TCGA-EE-A2M6,1,-0.734444368253,-0.0596244772018,-0.988489239951,-1.06600252875,0.243076666384,-0.555336189313,0.00775577439498,-0.759441326793,0.14893807245,-0.907507464901,1.15100819973
TCGA-EE-A3AA,1,-0.861928836163,1.30078891866,-0.771717017043,-1.51774234987,0.370142853035,-0.555336189313,-0.0707602149643,0.181021678893,1.79658458823,-0.271043048043,-0.10556187692
TCGA-EB-A4IQ,0,0.0359697211506,-1.03352470995,2.20502040838,0.677926487336,-1.28318310161,1.36871000836,2.93921280661,2.01309881153,-0.800651221178,0.67916722646,-0.808724107852
TCGA-YG-AA3N,0,-1.68024119641,-1.75516939357,1.79466335597,-0.0306040096647,-0.0456572794642,-0.555336189313,1.54383810158,2.72307362127,-1.01314215695,1.15783261434,-0.202641545603
TCGA-EB-A44P,0,0.435249211609,-1.78833513583,0.570122469583,0.491100375299,-0.771096082989,0.508458680046,0.569141743995,-0.0525730424386,-0.794459248272,0.373828495092,-1.71897610288
TCGA-EB-A299,0,0.303554456038,-0.976772045016,2.59454613092,0.960144483137,-1.01511852923,3.04821156684,2.58464522022,2.55507484253,-0.600265947473,2.07803824062,-0.816058975143
TCGA-FR-A3R1,0,0.443141464142,-1.20858950448,-1.15105272007,-0.116264547966,0.610551463992,-0.555336189313,0.276609545189,-0.353013929454,-0.839149397084,0.784761475885,-1.70250918593
TCGA-GN-A4U5,0,-0.554113519514,-1.36715972041,1.98505024842,0.711496854432,-0.950927235311,1.92449282045,2.29975249025,2.69233482863,-1.01314215695,0.98896802559,-0.752714967467
TCGA-EB-A551,0,0.622541113587,-0.716596336562,-0.178009497458,0.602462402443,1.20385307764,0.0774863663357,-0.482354800538,-0.934896851549,-0.494975430563,0.475687059646,0.279845349623
TCGA-EB-A3Y7,0,-0.0314726698445,-1.44806165154,-0.0125994930212,0.0998748361098,-2.24855870521,-0.555336189313,0.57814865171,0.776325690982,-1.01314215695,0.598864509808,-1.3943499229
TCGA-XV-A9W5,0,0.668194839072,-1.19774424801,0.384647410134,0.860200465769,-1.22485413054,1.38772644896,1.82755639883,-0.0410361501763,-1.01314215695,0.676335808543,1.04968576877
TCGA-ER-A2NF,0,-0.357168080676,-0.304223309584,0.290591324552,0.572795298419,1.14803014463,1.0670900826,1.15508855923,0.997485771731,-0.916401262184,0.152031961659,-0.15230256702
TCGA-BF-AAP6,0,-0.31534581098,-1.94090856355,0.288173708635,0.565913701416,-1.67208117751,1.87514468825,0.267603265098,-0.474593755646,-0.846002043043,-0.876412487221,-1.47891655478
TCGA-BF-A1PU,0,0.455987895235,-0.867602829841,-0.335751317523,0.895942884745,-1.7638851786,-0.0774141009742,1.04547114328,-0.0549382328382,-0.601369184949,1.2623556772,0.0247214169914
TCGA-EB-A5FP,0,0.334750245816,-0.465042240753,0.733377588726,-0.0161836735931,-1.97146150806,0.881845955944,1.15854849647,1.03702121653,-0.704555550926,-0.775604348436,0.0110819791815
TCGA-FR-A726,0,0.602296626386,-0.2465871884,0.508901997166,-0.130749732916,-1.31555634695,-0.555336189313,1.35646307171,0.28491431561,-0.851447827725,1.56375691701,-1.09589048155
TCGA-BF-AAP4,0,0.272117878857,-1.36961091257,-0.441398067921,0.110110085344,-0.149195443146,1.09337483171,0.604366956338,-0.168963264883,-1.01314215695,1.01413455219,-0.189161570359
TCGA-EB-A6QY,0,-0.547499909685,0.23075090603,1.90716141864,-0.00333292316526,-0.57371137845,-0.0111073651893,2.41228604797,2.52150236998,-0.672640019516,1.12305102067,-1.14755787681
TCGA-EB-A42Y,0,-0.538430532329,-1.94090856355,2.26718771425,0.701641953297,-1.18090595299,-0.555336189313,1.34410787592,-0.41269293461,-0.553130412814,-0.376996283456,-1.82424002419
TCGA-EB-A1NK,0,-0.551955225235,-1.94090856355,1.37880070084,0.454383903413,-0.249403662245,2.18315818974,1.93055252454,1.43574601268,-0.753867129036,1.39353480928,0.657156243902
TCGA-EB-A42Z,0,1.88499197993,-1.59059331161,0.100363484601,1.01468139144,-0.993452132341,2.78452673449,-0.181126359645,-0.469301402054,-1.01314215695,1.06974591016,-1.23031972057
TCGA-BF-A9VF,0,-0.694302850567,-0.914343980674,0.359142656211,-0.611509649839,-1.55026982943,0.856557447155,1.51045265567,0.606506262348,-1.01314215695,1.02295445898,0.185406512765
TCGA-ER-A19T,0,1.08264054764,-0.0242828401885,0.683241172423,-0.342981522519,-1.61663126416,-0.239921095304,0.124302979183,1.85627701721,-0.502848499727,-0.910529101907,-1.46685359416
TCGA-D9-A3Z4,0,-0.251656684749,-0.301233558903,1.42788902252,1.29845512392,0.651997314907,-0.555336189313,-0.622873155265,0.715714230274,0.073700802255,0.803540346905,-0.471665938891
TCGA-ER-A194,0,-1.0512301333,0.0889708115319,-0.489454250986,0.869412358099,-1.64572261783,-0.555336189313,-1.15548242617,-0.220830528128,-1.01314215695,1.21870352235,0.314691898105
TCGA-BF-A5EO,0,1.76527163213,-1.94090856355,0.708636263016,-0.184282748849,-0.0932548696729,-0.555336189313,1.96254798491,-0.447548633643,-1.01314215695,0.363551028824,-0.532029009233
TCGA-BF-A3DJ,0,0.830038142967,-1.71941297429,1.02843570132,0.353291486106,0.0819762036207,1.14740141796,1.71081382687,0.712981456184,-1.01314215695,0.268707106047,0.674578292376
TCGA-BF-A1PZ,0,-1.34999110479,-1.82825739312,0.175438951936,-0.109082881552,-0.547167504641,-0.555336189313,-0.450152101726,-0.0263824628605,-0.724371986298,0.351596552952,-1.18521985667
TCGA-EB-A97M,0,0.03390905962,-1.53131716061,0.0883438778456,0.369435433502,-0.186475765856,1.41225679395,0.0370207050531,0.702016627176,-1.01314215695,0.762962901079,-0.255254073133
TCGA-EB-A6QZ,0,0.744206003297,-1.78777616677,0.403583471056,0.421586922957,-1.76077617173,-0.555336189313,1.24228073244,0.274096645909,-1.01314215695,0.712904631973,-0.900510921474
TCGA-GF-A2C7,0,-0.753060434388,-1.22622978766,0.968556322041,1.08781465441,-1.27608984017,0.578965507183,1.68381119117,1.07862019181,-0.716308080186,1.12900418756,-1.42031141345
TCGA-EB-A5SF,0,0.528710632077,-1.14163795215,3.57468617382,0.734642728975,-1.91605716462,1.53165656594,2.29291086535,3.98952863613,-1.01314215695,0.236356601572,-0.692311675581
TCGA-ER-A42H,0,0.670569086876,0.970290964924,0.147621553867,0.38578850085,-1.23930336699,-0.0185273356093,-0.369029517711,2.31991974654,1.21470369928,-0.200975930156,-0.174735079197
TCGA-EB-A550,0,-0.453724406553,-0.956815721999,2.76000588859,1.09619212386,-0.331102472798,1.28463747724,3.21538959489,3.22757200595,-1.01314215695,-0.528079778615,-1.1658109257
TCGA-BF-A1Q0,0,1.39513176915,-0.396870584889,-0.692004922206,0.650676901808,-0.204343030263,-0.0427427005667,0.563226144517,-0.237048906366,-0.830534463363,0.914425884621,-0.202498660391
TCGA-EB-A3XF,0,-1.33779203713,-1.94090856355,0.834165360054,0.110404311493,-1.41535841585,-0.555336189313,1.89380413225,1.00776497385,-0.80630447487,-0.890509278672,-0.195363704932
TCGA-EB-A3XC,0,0.717227933314,-0.733744200727,1.51372419604,0.0347055855882,-0.404675222555,1.34131238758,1.51871648886,1.53589785738,-1.01314215695,1.32875603915,-0.0870158855971
TCGA-HR-A5NC,0,-1.02083772101,-0.265832438864,1.346085832,1.01670391479,-1.59803536291,1.73248984602,2.06177503201,2.34813906347,-0.55335705141,1.18225017632,-1.16763223603
TCGA-EB-A24D,0,0.198570559556,-1.42267381911,-0.252684490139,1.03945315822,0.913253286719,0.916443543878,0.755870070815,0.59517275695,-1.01314215695,-0.174206094078,-1.85569522584
TCGA-EB-A3HV,0,0.815485482966,-1.43778177805,2.53699232185,1.22390589017,-1.18448384036,2.36689188144,2.58184093931,3.62163955117,-1.01314215695,1.67834307738,-0.238704069132
TCGA-EB-A82B,0,0.208579269156,-0.856967135833,-0.597237108177,0.312095247556,1.09740464249,-0.555336189313,-0.472851301625,-0.215500296361,-1.01314215695,0.574728140198,0.142472626101
TCGA-BF-AAP1,0,-0.601906184307,-0.701391528544,0.749613269468,0.159363908065,-0.830473833935,0.598128835829,0.487637408809,-0.0563918986999,-1.01314215695,0.467712712645,-1.16813682694
TCGA-ER-A19K,0,-1.57284800776,-0.712761984032,1.27958159024,0.527630042252,-1.31348159792,2.85731637824,1.76543863797,1.80178492505,-0.836249041761,0.426574993393,-1.70381892774
TCGA-D3-A5GT,0,-0.44018316133,-0.940401717711,-0.79663010404,0.169803547963,-1.71729051621,0.994692813596,-0.0492415858626,0.398377503635,-1.01314215695,0.541061640822,-1.61599833927
TCGA-GN-A8LN,0,0.278704347807,-0.845931075287,-0.343033334424,1.34857810518,-0.347681395947,0.492293450384,-0.953054747448,-0.511229528516,-1.01314215695,0.456247777351,-0.841199104066
TCGA-GN-A263,0,-0.978643238123,-0.800660137938,-0.154487138238,1.03893533659,-0.0482475372069,2.6707210576,0.984249714931,-0.205199971418,-0.717198784607,1.03311756536,-0.563428750371
TCGA-IH-A3EA,0,-0.67117718424,-1.94090856355,0.529187060933,-0.559159701777,-1.5072286321,-0.555336189313,-1.15548242617,0.493969038475,-1.01314215695,-1.39814264783,0.423500590601
TCGA-XV-A9VZ,0,0.282947456846,-1.01502495131,3.28244045035,1.16095393905,-1.88782313931,3.61065442309,4.00836619986,0.723170734913,-0.629817251988,2.10882436272,-2.55291141258
TCGA-EB-A3XD,0,-1.92374743094,0.575124002619,3.2318577975,1.13678204831,-0.124935467064,5.31521890959,2.91122404521,4.15205552848,0.0717562578332,2.13121500933,-1.38658193558
TCGA-BF-A3DL,0,-0.390299575153,-1.55888906035,-0.459886412487,-0.0683101557657,-1.72170570386,0.122563768648,0.809987481555,-0.660750292889,-1.01314215695,0.478698795085,0.34412046421
TCGA-EB-A3Y6,0,0.48342908053,-1.62375328329,0.421444591164,0.611754287365,-1.2377145455,1.62653722742,0.702233392093,0.132996641355,-1.01314215695,1.62589936229,0.415749729061
TCGA-FR-A728,0,0.921054441908,0.652467412771,-0.758893769683,0.387791002169,-0.943614789075,0.491283739171,0.479968690574,0.205586682539,-0.640291437226,0.00508956027328,0.0317664512225
TCGA-BF-A3DM,0,-0.0333239895593,-0.803333923549,0.968912435227,-0.188935556531,-1.74140151502,-0.555336189313,-0.0135491051974,-0.126395057269,-0.191756213033,-1.39814264783,-0.516713537616
TCGA-BF-A1PV,0,-0.463242302981,-1.74296409908,0.57554191549,0.00157586338026,-0.839692949705,-0.555336189313,1.39778834778,0.533786133806,-1.01314215695,-0.282293453383,-1.04250244225
TCGA-BF-A1PX,0,0.0959286358943,-1.57277925652,2.00403591752,1.05244022644,0.824793493955,2.64205485462,2.59739873924,0.459530013653,-0.693562334474,1.6744634592,0.24788138596
TCGA-D9-A4Z3,0,-0.213204408627,-1.20378827303,-0.420775485533,0.0209441788471,-1.31103948312,-0.555336189313,-0.0806266229444,-0.934896851549,-0.637680281936,1.3088674501,-0.233207371708
TCGA-EB-A4IS,0,0.866078744494,0.000983375752801,-0.0397067872122,1.05683609095,1.03462819607,2.61389797201,0.771916213588,0.264584013972,-0.385877439021,1.08130095079,-0.166669908629
TCGA-BF-A5EP,0,1.20453913333,-1.67483610353,-0.191881770538,0.38513462447,-1.60459763639,-0.555336189313,0.319572051271,-0.684926472824,-1.01314215695,-0.0404681411112,-1.11137553751
TCGA-EB-A4XL,0,0.416987133575,-1.50147543194,2.13251133437,0.659533312584,-0.108076926381,2.21951658938,1.83535936484,2.93268130361,-1.01314215695,1.78874854791,-1.46969673496
TCGA-BF-A5ES,0,0.5405949881,-1.94090856355,-0.051152940322,0.624559785687,-1.03416064467,1.15419099347,0.171708648256,1.01996377914,-1.01314215695,1.5475061346,-0.626346842972
TCGA-EB-A4OZ,0,0.175998598288,-1.94090856355,2.56856905371,0.748369772699,-0.245750662232,0.517162377435,2.01682458162,3.40421319815,-1.01314215695,0.664520161887,-0.0673900099687
TCGA-EB-A5VU,0,-1.00247020413,-0.91334847248,1.86654295636,0.777920878898,-0.47334524858,-0.555336189313,1.52465976817,3.01973420456,-1.01314215695,-0.0729557173796,-1.97399543241
TCGA-EB-A431,0,0.441770968952,-0.895612794169,-0.261099397405,-0.292698404133,-0.602712139519,0.0585231332913,-0.247417856176,0.159529569815,-1.01314215695,-0.192888104449,-0.916004985133
TCGA-EB-A51B,0,-0.902844118196,-1.69810322334,0.503024198534,-0.219349690833,-2.03864532934,-0.555336189313,0.645574855784,1.36002213094,-1.01314215695,-0.711998482654,-2.80869058106
TCGA-BF-AAP7,0,0.870979948272,-1.47713991224,0.94717571801,0.414709537875,0.385931276592,2.1785709717,1.40802343424,0.401935077049,-1.01314215695,1.32948642858,0.0334701629599
TCGA-BF-AAP8,0,-0.870699397545,0.621177361951,-0.636596970869,-0.693787424238,-0.553611988522,-0.555336189313,-0.87982230896,-0.602663081439,0.435682594387,-0.499713014892,-1.13116137207
TCGA-EB-A44N,0,-0.254417684012,-0.153951180242,2.6057491999,0.734854871553,0.61055006631,3.91100948025,2.54616215183,3.16146152535,-0.734719959848,0.891354873486,-1.32408359441
TCGA-GN-A26C,0,1.20429382539,1.2231179197,-0.705433195813,-0.112403176884,0.86935916725,-0.555336189313,-1.15548242617,0.0799192038477,1.61424534367,-0.0685080811643,0.88282337479
TCGA-EB-A41B,0,-0.525689269842,-0.810931042673,0.260657755906,-0.245477236217,-1.61037585149,-0.0383483652133,-0.741491932139,-0.435943197994,-0.0495377459059,0.704960352497,0.170967496981
TCGA-EB-A5SE,0,1.09555025297,-1.40786023503,1.76371050797,0.780586509299,-0.408688198863,1.58931436197,1.52455595924,0.381382455299,-1.01314215695,0.74778706582,-1.36830797376
TCGA-EB-A3XE,0,-0.618602892828,-0.700224983917,2.17291810096,1.36772789991,-0.603013848868,3.34610840282,1.61909856801,3.6650602516,-1.01314215695,2.10076639498,-0.892376253543
TCGA-ER-A2NB,0,-1.28743055654,-1.73110155812,3.17660657431,0.528694031284,-0.00917157331658,-0.555336189313,2.26666997987,2.68126141918,-1.01314215695,0.0241478142943,-0.199880267829
TCGA-FW-A5DX,0,0.508891097735,-0.334954753685,-0.677520364421,1.54848375031,0.335578956421,-0.555336189313,-1.15548242617,-0.31301706469,0.0493051655114,-1.0475290282,-0.612951365121
TCGA-EB-A553,0,0.565426398573,-0.346801006634,0.567067313495,0.482705060321,-0.198525339171,1.29954088279,0.206391467718,0.290416056877,-0.178705152098,0.433317793742,0.0160044276149
TCGA-EB-A6R0,0,-0.236750510472,-1.65129139412,-0.616970816526,-0.0920977769514,-0.301336266769,-0.555336189313,-0.420786459521,-0.463668459987,-0.841242642319,-0.382405956392,-0.60265261716
TCGA-EB-A4OY,0,-0.202620139846,-1.3043887986,2.19559545454,-0.357640863469,-0.263433541484,-0.555336189313,-0.577313689504,1.680090147,-1.01314215695,-0.147591628796,-1.15747137616
TCGA-BF-AAP2,0,-1.15719491656,-0.938294700593,0.955303440068,0.416002768357,-0.34068414024,1.19618897571,1.13811787811,1.37386328107,-0.472547187473,0.892716956679,-1.39793703505
TCGA-ER-A196,0,0.186768723822,-1.24634922061,2.45221743944,0.0680148797658,0.251961313285,0.659852348021,3.37058915996,0.708232605672,-0.758779880807,0.622046551772,-0.264839257678
TCGA-EB-A44O,0,-0.223564745503,-1.38339226509,0.236499808139,0.00977290594517,-1.15769322599,0.428052231845,0.72113877014,-0.707659024566,-1.01314215695,0.0912051784565,-1.18628562399
TCGA-BF-A5ER,0,-0.116630190922,-1.94090856355,-0.255253469256,0.621638113558,-2.13600030243,-0.555336189313,1.01120055158,0.0319434714604,-1.01314215695,0.0143797459713,-0.805463941249
TCGA-EB-A57M,0,0.0152331754263,0.196824641557,1.94313522898,1.54401956512,0.0376460279358,2.64130346106,2.21058256254,2.04901156618,-0.454495483477,2.26467238238,-0.268939320926
TCGA-D9-A4Z2,0,0.125443488912,-1.35558800991,-0.968001894852,1.03580205611,-0.566354263117,1.48982429548,0.137858189697,-0.352896019828,-1.01314215695,1.07175942171,-1.256272505
TCGA-D9-A6E9,0,-0.863705593742,-0.0130879809658,-0.49159871595,-0.468976498538,0.655086651868,-0.555336189313,-0.405517707932,0.183241135119,-0.621864618208,-0.64458109987,1.05651976077
TCGA-D3-A2JA,0,2.07901572423,-0.192586542312,-0.178686989166,1.78990173456,-0.407715870811,0.897896068048,-0.0212864937796,-0.679264113692,-0.495438759243,1.43210680025,0.427470665761
TCGA-WE-A8K1,0,0.356090582313,-0.367228368643,-0.925007320324,-0.851826155857,0.481554470594,-0.555336189313,-0.803958305408,-0.934896851549,-1.01314215695,0.525669152998,-0.199553719209
TCGA-ER-A19H,0,1.05968761731,0.0649337418893,-0.689593549101,3.03343453555,0.517260003735,0.16969691131,-0.458592391831,-0.6416893847,0.472957387506,-0.860269828034,0.0482192795581
TCGA-EE-A2A5,0,0.517709338675,0.398032484228,-0.184035366345,0.683408601016,-0.891009378738,-0.555336189313,-0.88950594114,-0.756094721571,0.0142413150001,2.72021366945,-0.743003064998
TCGA-EE-A2MU,0,0.63724964655,-1.17502426097,-0.963763996203,-1.32177280843,0.0691481979961,0.33027970234,0.305874644272,-0.732755255522,-0.835074729392,-0.281754752172,0.56292797606
TCGA-DA-A1I8,0,2.16963307415,-0.874324878176,0.253371345411,1.86620064105,-1.90750316713,-0.555336189313,-0.555610701111,-0.379979525425,-0.849411465132,-0.229904131119,-0.0527304311303
TCGA-D3-A51J,0,-0.407477160756,1.03913508413,-0.0553677530323,0.187297378033,1.18364490964,-0.555336189313,-0.546049676408,0.293173530454,-0.16501863196,-0.808100551532,0.670948888209
TCGA-DA-A1I0,0,-0.918526843224,0.742271918145,-1.15105272007,-1.3489838252,-0.859358340558,-0.555336189313,-0.720948265135,-0.202116064876,0.0266964873606,0.508170961657,0.961182295768
TCGA-FS-A1YX,0,1.27858831006,0.113271222058,0.425892914675,0.727225789814,-0.675658248584,0.169142099753,0.269298708588,-0.0435498110449,-0.870472591028,0.922870738236,-0.485791253305
TCGA-ER-A3ET,0,0.962801269121,0.0231384503139,-0.268192459464,0.98878922718,0.319300039401,-0.555336189313,0.668761088761,0.402642423646,-0.593446159628,0.947679768243,1.06828834243
TCGA-EE-A3J8,0,-0.958756215385,0.616389018379,-0.460661351441,0.468069934998,-1.97675254061,0.604325718012,-0.766366734033,-0.465923048897,-1.01314215695,-0.964265362851,-1.11108433926
TCGA-EE-A29G,0,1.07794570112,0.412594440117,3.27543181636,0.777782244535,0.247298516927,2.22004795271,3.23876914242,4.49528734163,-0.0704230055911,2.43950866657,-0.864904324099
TCGA-D3-A51G,0,0.957810719792,-1.20464507626,1.41376568583,-0.192289633906,-1.04162564416,-0.0294688903548,0.289627033511,-0.722233155928,2.63703979966,1.07961596994,-0.476745339475
TCGA-D3-A3C8,0,-0.13684973922,-0.647943074731,-0.579600565926,0.923624187952,0.645935366066,1.95910563649,0.5065585802,-0.0893767968309,-0.774006633204,-0.178040730124,0.55130442473
TCGA-EE-A3J4,0,-0.226425032765,-1.46896116973,-0.0706058419246,-0.620697128324,-0.546051512469,-0.555336189313,-0.987422140522,-0.934896851549,-0.834713860226,-0.244017032528,-1.18751799295
TCGA-DA-A1I4,0,1.37461201889,-0.46953779254,0.462873317544,-0.207611113803,-1.18065695781,0.371761329439,-0.0323364809027,-0.0661882691745,-0.313363219033,-0.114398849299,1.61545851499
TCGA-FS-A4F0,0,-0.531921733485,-1.03019947019,-1.15105272007,-0.567596816056,-0.922524446637,-0.555336189313,-1.00866816194,0.360018713609,-0.85727059574,-0.172362176738,-2.31015158296
TCGA-D3-A8GL,0,-0.449671469206,-0.391327507704,-0.769334436355,-0.625780683151,-1.3825973531,-0.555336189313,-1.15548242617,-0.698485335969,-0.804886205419,-1.17942342313,-1.53573875421
TCGA-EE-A2GP,0,1.09520053939,0.497657192407,0.261794825718,0.974930764041,0.160703283605,0.424999911245,-0.248928395687,-0.402226543819,-0.357952158273,1.13925028384,0.461608588975
TCGA-D3-A2JO,0,0.13451953902,-0.280372697372,-0.575460126737,-1.00594526869,1.34086326432,-0.555336189313,0.180148833028,-0.934896851549,0.36967719697,-0.228892059614,1.49231861146
TCGA-EE-A2GO,0,2.12544408984,-0.914701152072,0.361895294041,-1.03870163445,-1.26981909427,-0.555336189313,-0.637838837949,-0.100719532284,-1.01314215695,-0.16856152889,0.379922293051
TCGA-D3-A3MV,0,0.873127981957,0.767622281508,0.104376308489,-0.392271009725,-1.55104480127,-0.555336189313,0.574730409694,-0.934896851549,-0.207842970794,-0.731245159085,0.325645342739
TCGA-Z2-A8RT,0,0.445206330705,0.211980287614,-0.659785012608,0.0761191551411,0.967289319659,-0.555336189313,-0.40729657255,0.556160492781,-0.665641605054,0.0850440524491,-0.923038945683
TCGA-EE-A20I,0,1.99894931855,0.0294495281273,-0.995933208361,0.404624081561,0.156591415422,-0.141342903961,-0.811646039909,0.531722176428,-0.865660067032,0.835710950456,0.434087787909
TCGA-DA-A1IC,0,1.73475582657,-0.358773365645,0.836316118347,0.835186321549,-0.869956009818,1.52801835852,0.420077528037,1.27946148359,-0.433539283027,1.97734567424,1.51818052268
TCGA-EE-A3J7,0,-0.280117496489,0.725912688615,0.666504536813,-1.1660000072,-1.4645995441,-0.0981978708168,0.37271699659,-0.604488273442,-0.616305827572,0.642746165558,-1.25124553708
TCGA-EE-A3JE,0,0.864669994411,0.91894903961,0.312832290302,1.08863744173,1.44027513535,2.33606598272,-0.0239387923519,-0.22912571304,0.0168987886857,2.78617183055,0.844472454393
TCGA-EE-A3JB,0,2.68590501357,0.617894552314,0.115864681102,0.5739152307,-0.214422752952,-0.108751189801,-0.32287793113,-0.754295364076,-0.854049506454,-0.46976020254,1.80042250129
TCGA-D3-A3MO,0,-0.440195252814,-1.15126244866,0.964901524236,2.53628618353,-2.13585460644,-0.555336189313,-0.752216805408,-0.732345597955,-0.11233630998,0.123137394341,-0.35689716398
TCGA-ER-A19A,0,1.80807949554,-0.267107420164,1.10998426141,1.25655667863,0.0911542761341,3.99982557139,1.66127069676,1.94937350463,-0.864948586788,2.70311945637,1.1235019034
TCGA-EE-A3J3,0,0.576622099108,0.540090124731,0.271590317256,0.562504353465,0.588458453667,-0.0826827910018,-0.29430610848,0.87040424356,-0.605122954112,-0.535046279871,0.113506165236
TCGA-DA-A95Z,0,-0.500108452997,-1.45383672736,-0.177429363368,-2.27968979703,-1.86094757781,-0.555336189313,-1.15548242617,0.303266313326,-0.683888975432,-1.39814264783,-1.1770918933
TCGA-FS-A4F5,0,0.0653686434351,-1.25044125665,-0.3091239522,0.591058033316,-0.735229266677,0.334312603014,-0.186325699511,-0.0922756706387,-0.583954155859,0.632917558868,-1.31477832138
TCGA-FS-A1ZR,0,0.376511303883,-0.711872133817,1.52637190548,1.05737635098,-0.486117732027,2.67423244836,1.88933134047,2.65636383704,-0.553243721508,0.156103409066,-1.29770959367
TCGA-D9-A6EG,0,-0.507593551867,-0.341725224389,-0.986469606324,-0.690610787434,-0.425824371409,-0.555336189313,-0.191204734708,-0.616233806679,-1.01314215695,-0.289271693245,-2.25496856636
TCGA-D3-A1Q6,0,1.0215374405,0.455187795009,1.64114516333,0.0252673065609,0.0296282344102,0.0883446456005,-0.783217486333,-0.934896851549,-0.617911368848,0.896572196456,-0.444764269108
TCGA-WE-A8ZY,0,0.854651753,-0.240998726647,-0.808159598824,-0.713224451402,-0.744131017386,1.18444338653,-0.649931483753,-0.434846488581,-0.828477849603,-0.340075666833,-1.04794288145
TCGA-EE-A2GN,0,0.83679943299,-0.179940264478,0.993224166939,0.468175392316,-0.00519972559762,0.583494002456,-0.258869324399,0.466338895698,-0.146967876254,0.567317621621,-0.153031219475
TCGA-EE-A2GM,0,0.350286479284,-0.0257311172057,-0.345599143339,-0.534960449776,-1.0261644186,-0.13244028674,-1.15548242617,-0.415205526463,-1.01314215695,-0.767745094692,-0.852284148576
TCGA-ER-A3PL,0,1.87443858369,-0.655760659077,0.883928514326,0.654665075221,-0.821437938122,-0.555336189313,-0.950023511921,-0.243378478659,-0.795008027433,-0.583189418354,-0.538782424894
TCGA-D3-A51E,0,0.715277789359,-1.78992783484,0.50443603967,-1.55921003655,1.36862348645,-0.555336189313,-0.428560974935,-0.934896851549,-0.796742057654,-0.199651379186,-0.0416563264973
TCGA-WE-AAA4,0,-0.417429378772,-1.1142229272,0.0434376974517,-0.504895852727,-0.152000657341,0.192289648843,-0.598069837215,0.461849185883,-0.746805902257,-1.11842502773,1.18165977258
TCGA-FS-A1ZM,0,1.19216194286,-0.0528028878781,-0.230393413474,0.880035872241,-0.391235213627,-0.555336189313,0.104644346725,0.242159815932,-0.601553253452,-0.431987026306,1.01222493157
TCGA-D3-A3MR,0,0.594635123569,0.879154483917,-0.908869184852,0.743230758485,1.44517607294,-0.555336189313,-0.659005079631,-0.111401609576,1.30965642504,2.04333038405,0.576298239013
TCGA-DA-A3F2,0,0.479279544647,-0.0477918532097,-0.266284772386,0.8013659278,1.52183056125,-0.555336189313,0.263780641777,-0.457085910921,-0.592236382336,0.700182776928,1.61529427339
TCGA-FS-A4FC,0,-0.588154268257,-0.260116479316,1.41464126695,0.52117302924,-0.00687477905594,2.43216996317,0.882213158374,1.73520792437,-0.408603345987,1.97491055611,-1.17418829549
TCGA-ER-A198,0,-0.682936139196,-0.107231588014,-0.4575243693,-0.0496073046508,0.174093329968,-0.133633452946,-0.72522347007,-0.934896851549,-0.86291363131,-1.0087269752,-0.824832228426
TCGA-FS-A4F2,0,0.548639742537,0.33804019709,-0.216722745706,-0.523419315762,-1.03769225933,-0.0659056408726,-0.276507872191,0.0735298616805,0.0722606254877,1.16978872954,-0.448681407683
TCGA-EE-A3J5,0,0.711423239515,0.129977772501,-0.313382688546,0.248252272269,0.870784161964,-0.555336189313,-0.520535751469,-0.57768833887,-0.492459064329,0.590430815717,0.344399860744
TCGA-GN-A262,0,-0.418679725064,-0.757620979729,0.124525307709,2.78112374325,-2.19708836588,-0.555336189313,-0.418682978138,-0.206508877874,0.0993249083713,-1.04075034377,-2.98571535077
TCGA-DA-A1I7,0,0.532265251931,-0.0989921074462,1.75603133684,-0.877905778515,-0.148548733498,-0.555336189313,0.0664520311278,-0.934896851549,-0.835074729392,0.543068285366,1.28967281215
TCGA-D3-A8GE,0,2.73925726328,0.503165719381,0.856285074037,0.768705000637,0.118784520944,-0.555336189313,2.19936326771,0.133258241424,0.0691166164388,0.378207248583,0.354257770209
TCGA-WE-A8K5,0,1.51094410316,-0.755611238141,-0.0921674317799,0.544452136505,-0.843483880344,-0.555336189313,-0.968293089856,-0.539718690377,-1.01314215695,-0.253406478478,-0.623543931948
TCGA-DA-A960,0,-1.86890674452,-1.27592379637,-0.344018961023,-0.982190601099,-1.29049307717,0.842128205627,-0.0157479925767,-0.934896851549,-0.515305653687,-0.87529365736,-1.32003619334
TCGA-ER-A19D,0,1.65234062485,0.845971887077,0.984961883615,1.40604192293,0.789268838621,0.0388667196027,0.686406669021,-0.934896851549,0.030305818629,1.7791309488,-0.0324905877316
TCGA-EE-A2GR,0,0.2685875686,-1.03586854598,0.527368187766,0.157202584571,-0.777242116665,-0.555336189313,0.0074663919735,0.855730589816,-1.01314215695,-0.405984852481,-1.62442105159
TCGA-EE-A2GD,0,1.8656708832,-1.6745886434,0.381899800811,0.549689896389,0.00808341236626,1.41950484414,1.17395869944,-0.090583175491,-0.892937842475,1.28489692295,-0.210360660967
TCGA-GN-A26A,0,-0.149556981671,-0.151771951347,2.13118309798,-0.0534950979216,-0.91633387246,-0.555336189313,-0.20281495225,0.148305830323,-1.01314215695,1.31247239679,1.3663904368
TCGA-GN-A266,0,2.6905225738,0.505696871252,0.683634548315,1.01731620274,0.897831541688,-0.555336189313,0.50864907108,-0.581089567745,0.344558066052,0.383923209304,0.532130430733
