id	estimator	min_score	mean_score	max_score	std_score	C	algorithm	alpha	gamma	kernel	learning_rate	loss	n_estimators	n_iter	n_neighbors	penalty	weights
70	LR	0.892857142857	0.949673202614	1.0	0.0424350487833	1											
137	svcl	0.892857142857	0.94883286648	1.0	0.0422200190131	10											
133	svcl	0.892857142857	0.948436041083	1.0	0.042722628765	2											
135	svcl	0.892857142857	0.948436041083	1.0	0.042722628765	4											
136	svcl	0.892857142857	0.948436041083	1.0	0.042722628765	5											
132	svcl	0.892857142857	0.948436041083	1.0	0.042722628765	1											
134	svcl	0.892857142857	0.948436041083	1.0	0.042722628765	3											
73	LR	0.890756302521	0.948015873016	1.0	0.0429771527119	1000											
71	LR	0.890756302521	0.947992530345	1.0	0.0427372103646	10											
72	LR	0.890756302521	0.947595704949	1.0	0.043226094196	100											
69	LR	0.878151260504	0.947222222222	1.0	0.0432699637807	0.1											
49	SVC	0.86974789916	0.946708683473	1.0	0.0465020971933	3			0.01	rbf							
59	SVC	0.878151260504	0.946335200747	1.0	0.0444980671367	5			0.01	rbf							
68	LR	0.852941176471	0.946335200747	1.0	0.0508992749019	0.01											
44	SVC	0.852941176471	0.946241830065	1.0	0.0485281766871	2			0.01	rbf							
50	SVC	0.836134453782	0.945821661998	1.0	0.055239180488	3			0.001	rbf							
60	SVC	0.831932773109	0.945821661998	1.0	0.0556204896749	5			0.001	rbf							
54	SVC	0.878151260504	0.945541549953	1.0	0.0464311532509	4			0.01	rbf							
64	SVC	0.878151260504	0.945448179272	1.0	0.0464261068278	10			0.01	rbf							
39	SVC	0.848739495798	0.945448179272	1.0	0.0515059129995	1			0.01	rbf							
65	SVC	0.848739495798	0.945074696545	1.0	0.0508354969621	10			0.001	rbf							
55	SVC	0.827731092437	0.944981325864	1.0	0.0569391850439	4			0.001	rbf							
75	Ridge Classifier	0.878151260504	0.944327731092	1.0	0.0425562233647			0.1									
74	Ridge Classifier	0.878151260504	0.943930905696	1.0	0.0430865229711			1									
78	Ridge Classifier	0.878151260504	0.943907563025	1.0	0.0428126529947			0.0001									
76	Ridge Classifier	0.878151260504	0.943907563025	1.0	0.0428126529947			0.01									
79	Ridge Classifier	0.878151260504	0.943907563025	1.0	0.0428126529947			0									
77	Ridge Classifier	0.878151260504	0.943907563025	1.0	0.0428126529947			0.001									
45	SVC	0.823529411765	0.943790849673	1.0	0.0569132218209	2			0.001	rbf							
66	SVC	0.827731092437	0.943744164332	1.0	0.0560267855433	10			0.0001	rbf							
40	SVC	0.823529411765	0.943323996265	1.0	0.0569041259097	1			0.001	rbf							
67	LR	0.819327731092	0.942110177404	1.0	0.0574701096234	0.001											
61	SVC	0.81512605042	0.940826330532	1.0	0.059104475776	5			0.0001	rbf							
27	SVC	0.861344537815	0.94012605042	1.0	0.0475494550607	1				linear							
32	SVC	0.857142857143	0.939729225023	1.0	0.0485886305363	6				linear							
34	SVC	0.857142857143	0.939705882353	1.0	0.048182805777	8				linear							
36	SVC	0.861344537815	0.939705882353	1.0	0.0477041094594	10				linear							
30	SVC	0.857142857143	0.939332399627	1.0	0.0483016709057	4				linear							
31	SVC	0.857142857143	0.939332399627	1.0	0.0483016709057	5				linear							
33	SVC	0.857142857143	0.939309056956	1.0	0.0481911677639	7				linear							
35	SVC	0.857142857143	0.939285714286	1.0	0.0484057930368	9				linear							
29	SVC	0.857142857143	0.938912231559	1.0	0.0482289228107	3				linear							
1	ExtraTreesClassifier	0.834033613445	0.938760504202	1.0	0.052320580584								20				
28	SVC	0.857142857143	0.938492063492	1.0	0.048189047722	2				linear							
56	SVC	0.798319327731	0.937978524743	1.0	0.0628137381394	4			0.0001	rbf							
41	SVC	0.794117647059	0.937558356676	1.0	0.0642500589365	1			0.0001	rbf							
51	SVC	0.794117647059	0.937558356676	1.0	0.0642500589365	3			0.0001	rbf							
46	SVC	0.794117647059	0.937558356676	1.0	0.0642500589365	2			0.0001	rbf							
3	ExtraTreesClassifier	0.84243697479	0.937196545285	1.0	0.0522291780772								40				
4	ExtraTreesClassifier	0.81512605042	0.936963118581	1.0	0.05729292971								50				
20	GradientBoostingClassifier	0.861344537815	0.935830999066	1.0	0.0529390407996						0.2		32				
2	ExtraTreesClassifier	0.836134453782	0.934908963585	1.0	0.0558167387265								30				
11	RandomForestClassifier	0.869047619048	0.933765172736	1.0	0.0523112121161								70				
82	Perceptron	0.823529411765	0.933520074697	0.992063492063	0.0590509402279									100			
22	GradientBoostingClassifier	0.857142857143	0.930088702148	1.0	0.0553700000109						0.4		32				
21	GradientBoostingClassifier	0.831932773109	0.928991596639	1.0	0.0589453779276						0.4		16				
112	knn	0.781512605042	0.928781512605	0.998015873016	0.0633077105761		kd_tree								7		uniform
124	knn	0.781512605042	0.928781512605	0.998015873016	0.0633077105761		brute								7		uniform
88	knn	0.781512605042	0.928781512605	0.998015873016	0.0633077105761		auto								7		uniform
100	knn	0.781512605042	0.928781512605	0.998015873016	0.0633077105761		ball_tree								7		uniform
13	RandomForestClassifier	0.857142857143	0.927999533147	1.0	0.0557932904763								90				
92	knn	0.779411764706	0.927077497666	0.996031746032	0.0660768248746		auto								9		uniform
104	knn	0.779411764706	0.927077497666	0.996031746032	0.0660768248746		ball_tree								9		uniform
128	knn	0.779411764706	0.927077497666	0.996031746032	0.0660768248746		brute								9		uniform
116	knn	0.779411764706	0.927077497666	0.996031746032	0.0660768248746		kd_tree								9		uniform
10	RandomForestClassifier	0.789915966387	0.926844070962	1.0	0.0660847407169								60				
114	knn	0.756302521008	0.926038748833	0.996031746032	0.0713883788791		kd_tree								8		uniform
90	knn	0.756302521008	0.926038748833	0.996031746032	0.0713883788791		auto								8		uniform
126	knn	0.756302521008	0.926038748833	0.996031746032	0.0713883788791		brute								8		uniform
102	knn	0.756302521008	0.926038748833	0.996031746032	0.0713883788791		ball_tree								8		uniform
19	GradientBoostingClassifier	0.827731092437	0.925945378151	0.996031746032	0.0547683731154						0.2		16				
81	Perceptron	0.757936507937	0.92556022409	1.0	0.0746341103741									50			
117	knn	0.800420168067	0.925245098039	1.0	0.0633377295471		kd_tree								9		distance
105	knn	0.800420168067	0.925245098039	1.0	0.0633377295471		ball_tree								9		distance
93	knn	0.800420168067	0.925245098039	1.0	0.0633377295471		auto								9		distance
129	knn	0.800420168067	0.925245098039	1.0	0.0633377295471		brute								9		distance
9	RandomForestClassifier	0.852941176471	0.925163398693	1.0	0.0585364132161								50				
6	RandomForestClassifier	0.857142857143	0.92470821662	1.0	0.054602304485								20				
91	knn	0.785714285714	0.924241363212	0.996031746032	0.0646799334811		auto								8		distance
127	knn	0.785714285714	0.924241363212	0.996031746032	0.0646799334811		brute								8		distance
115	knn	0.785714285714	0.924241363212	0.996031746032	0.0646799334811		kd_tree								8		distance
103	knn	0.785714285714	0.924241363212	0.996031746032	0.0646799334811		ball_tree								8		distance
8	RandomForestClassifier	0.846638655462	0.924229691877	1.0	0.0599014675863								40				
118	knn	0.760504201681	0.923996265173	1.0	0.0720189628535		kd_tree								10		uniform
94	knn	0.760504201681	0.923996265173	1.0	0.0720189628535		auto								10		uniform
130	knn	0.760504201681	0.923996265173	1.0	0.0720189628535		brute								10		uniform
106	knn	0.760504201681	0.923996265173	1.0	0.0720189628535		ball_tree								10		uniform
95	knn	0.779411764706	0.923622782446	1.0	0.0686456145733		auto								10		distance
119	knn	0.779411764706	0.923622782446	1.0	0.0686456145733		kd_tree								10		distance
107	knn	0.779411764706	0.923622782446	1.0	0.0686456145733		ball_tree								10		distance
131	knn	0.779411764706	0.923622782446	1.0	0.0686456145733		brute								10		distance
12	RandomForestClassifier	0.810924369748	0.923155929038	1.0	0.0634043864131								80				
7	RandomForestClassifier	0.831932773109	0.922794117647	1.0	0.0613135629849								30				
80	Perceptron	0.827731092437	0.921661998133	1.0	0.0598601107367									30			
89	knn	0.789915966387	0.921510270775	1.0	0.0620010778148		auto								7		distance
125	knn	0.789915966387	0.921510270775	1.0	0.0620010778148		brute								7		distance
113	knn	0.789915966387	0.921510270775	1.0	0.0620010778148		kd_tree								7		distance
101	knn	0.789915966387	0.921510270775	1.0	0.0620010778148		ball_tree								7		distance
24	GradientBoostingClassifier	0.802521008403	0.921288515406	1.0	0.068924846453						0.8		32				
18	GradientBoostingClassifier	0.81512605042	0.91921101774	1.0	0.0611056942659						0.1		32				
98	knn	0.796218487395	0.917950513539	0.998015873016	0.0648783268548		ball_tree								6		uniform
86	knn	0.796218487395	0.917950513539	0.998015873016	0.0648783268548		auto								6		uniform
122	knn	0.796218487395	0.917950513539	0.998015873016	0.0648783268548		brute								6		uniform
110	knn	0.796218487395	0.917950513539	0.998015873016	0.0648783268548		kd_tree								6		uniform
38	SVC	0.77731092437	0.916783380019	0.992063492063	0.064857201202	1			0.5	rbf							
99	knn	0.813025210084	0.91656162465	1.0	0.0605543795476		ball_tree								6		distance
87	knn	0.813025210084	0.91656162465	1.0	0.0605543795476		auto								6		distance
123	knn	0.813025210084	0.91656162465	1.0	0.0605543795476		brute								6		distance
111	knn	0.813025210084	0.91656162465	1.0	0.0605543795476		kd_tree								6		distance
0	ExtraTreesClassifier	0.783613445378	0.916118113912	0.998015873016	0.06157436413								10				
23	GradientBoostingClassifier	0.768907563025	0.914169000934	1.0	0.0776872021343						0.8		16				
26	GradientBoostingClassifier	0.845238095238	0.912628384687	0.996031746032	0.0564323286874						1.0		32				
5	RandomForestClassifier	0.825630252101	0.911974789916	1.0	0.057732535338								10				
16	AdaBoostClassifier	0.781512605042	0.911251167134	1.0	0.0705436045727								100				
139	sgd	0.781746031746	0.9110410831	1.0	0.0594862159529							squared_hinge				l1	
15	AdaBoostClassifier	0.81512605042	0.91048085901	1.0	0.0661887377331								50				
138	sgd	0.768907563025	0.909733893557	1.0	0.0737042406032							squared_hinge				l2	
108	knn	0.81512605042	0.9095821662	0.994047619048	0.0635030269497		kd_tree								5		uniform
96	knn	0.81512605042	0.9095821662	0.994047619048	0.0635030269497		ball_tree								5		uniform
84	knn	0.81512605042	0.9095821662	0.994047619048	0.0635030269497		auto								5		uniform
120	knn	0.81512605042	0.9095821662	0.994047619048	0.0635030269497		brute								5		uniform
109	knn	0.821428571429	0.907107843137	1.0	0.0647709777229		kd_tree								5		distance
97	knn	0.821428571429	0.907107843137	1.0	0.0647709777229		ball_tree								5		distance
121	knn	0.821428571429	0.907107843137	1.0	0.0647709777229		brute								5		distance
85	knn	0.821428571429	0.907107843137	1.0	0.0647709777229		auto								5		distance
43	SVC	0.747899159664	0.906045751634	0.988095238095	0.0715641696691	2			0.5	rbf							
14	AdaBoostClassifier	0.81746031746	0.905532212885	1.0	0.0722027736653								30				
17	GradientBoostingClassifier	0.810924369748	0.905042016807	1.0	0.0679446996741						0.1		16				
37	SVC	0.794117647059	0.901283846872	0.956349206349	0.0538924026116	1			1	rbf							
25	GradientBoostingClassifier	0.813492063492	0.90060690943	0.992063492063	0.0615840343761						1.0		16				
48	SVC	0.726890756303	0.898225957049	0.992063492063	0.0763380985751	3			0.5	rbf							
53	SVC	0.731092436975	0.896591970121	0.992063492063	0.0762667593807	4			0.5	rbf							
58	SVC	0.731092436975	0.896591970121	0.992063492063	0.0762667593807	5			0.5	rbf							
63	SVC	0.731092436975	0.896591970121	0.992063492063	0.0762667593807	10			0.5	rbf							
62	SVC	0.785714285714	0.895845004669	0.956349206349	0.0541441076985	10			1	rbf							
42	SVC	0.785714285714	0.895845004669	0.956349206349	0.0541441076985	2			1	rbf							
47	SVC	0.785714285714	0.895845004669	0.956349206349	0.0541441076985	3			1	rbf							
52	SVC	0.785714285714	0.895845004669	0.956349206349	0.0541441076985	4			1	rbf							
57	SVC	0.785714285714	0.895845004669	0.956349206349	0.0541441076985	5			1	rbf							
83	Perceptron	0.668067226891	0.891830065359	0.984126984127	0.0879138518709									120			
